1.600000000000000000e+01
6.006242181523724355e+00
-7.261817415881810511e+00
-5.370589722038979552e+00
1.632601454968575852e-02
-4.494232521562656402e+00
-7.221927231851839046e+00
1.902982783089721686e+00
9.685607736515596144e+00
4.961565537860005648e+00
-2.464135148111743501e+00
-2.389357907799122938e+00
5.227026650992758899e-02
-1.400165786160741499e+00
-2.954277325257618436e+00
-3.171675781565959085e-01
3.139459447137831205e+00
2.594533985729184700e+00
-5.002134619446579888e-01
-1.307293191958814882e+00
6.908658946920352706e-02
-8.947452313660494427e-01
-3.470516272924235146e+00
-1.513649315147634233e+00
4.091212905081438755e+00
4.860224424830994927e+00
4.607647109554497550e-02
-1.991965133832522161e+00
5.481636057482468238e-02
-5.949905154317726153e-01
-3.595046285089885441e+00
-2.366959116095391558e+00
1.897905157750068073e+00
2.803884455008457177e+00
7.204640890029080369e-01
-2.134860130813154566e-01
-1.654033245771296609e-02
2.955878789250618310e-01
1.177419184226361937e+00
8.154737156905306206e-01
-1.953966487155164078e+00
-3.132293182731213932e+00
-5.257103911974218002e-01
1.387896118511900090e+00
3.332907392274927494e-01
7.509600156746577826e-02
1.416877581103590078e+00
9.993823302734151648e-01
-4.170618511575500120e-01
2.940705680689442020e-02
4.930478491599086244e-01
-6.596517115993159042e-01
-6.875393388456526589e-01
1.125267713179007034e-01
-1.865761179927255986e+00
-3.557859340425788996e+00
6.598011817268427670e-01
5.860413604299893997e+00
3.690321320238482361e+00
-1.904059823567270326e+00
-2.350321379341264283e+00
-8.091111869690992275e-02
-1.149628189796887412e+00
-2.425375586213273760e+00
2.956114142602788153e-01
2.663104971261371912e+00
8.591228252156559719e-01
-1.141205122574025399e+00
-3.483687347010494539e-01
3.992836316295256260e-01
-8.061302027816238946e-02
5.713325173560807047e-01
1.731091745473171351e+00
4.333134298627462910e-01
-2.237393536661991700e+00
-2.550979445878001517e+00
-3.448996211399294465e-01
1.229268647557873795e+00
6.971992777237753236e-01
-1.045672852737134090e-01
9.005668702060577457e-01
2.479516091232436548e+00
1.305179073061811801e+00
-2.327586414962186101e+00
-3.636129662363053683e+00
-8.599052377227599520e-01
1.581906961592078442e+00
8.688980959550197669e-01
2.262252257797942034e-03
8.001308861859440791e-01
6.566564353738114646e-01
-7.771515998298483829e-01
-3.918059579800953762e-01
1.229629143336313790e+00
5.072648065761518055e-01
-1.459770334669020508e+00
-1.083268150397837859e+00
1.209946608362278825e-01
-7.439333643369627769e-01
-9.963842967484357604e-01
1.871866391819888120e+00
3.524324989239802530e+00
4.615278842633993017e-01
-2.767273651077641450e+00
-1.707430392825096011e+00
5.698967214886968558e-01
5.016690644798209586e-01
-6.876748984655489672e-02
1.635635405677862142e-01
-8.103443401252614642e-01
-1.906019555382017394e+00
6.379986889297792896e-01
4.507010184403524633e+00
3.123864580881569264e+00
-2.582986794681733755e+00
-4.649845984013982303e+00
-1.253388933536202066e+00
1.074899387404550044e+00
-3.682317772508715281e-01
-4.549256681992147611e-01
3.146442620547505786e+00
4.773563151017792272e+00
3.326538956797829294e-01
-5.160249855834301513e+00
-4.753949701075391943e+00
3.561045997383503470e-01
3.322819318036700498e+00
1.750828556079212950e+00
-2.925986244182703366e-01
4.928657987623009940e-02
4.683035442917695690e-01
-9.970740261994005538e-01
-1.760931694936662462e+00
3.603829570875472510e-01
2.309829416751656428e+00
6.304284525250687388e-01
-2.250378493640625699e+00
-1.861945655628213681e+00
8.812657156827717886e-01
1.707789979269020542e+00
3.462853699473662505e-01
1.072405085889726467e-02
9.299649664286405715e-01
2.621924205440406830e-01
-2.024787586602803113e+00
-2.576861472348562554e+00
-2.326175675626161177e-01
2.214149322281033339e+00
2.333136630288382030e+00
7.463814474030445734e-01
-8.059190441788756099e-01
-1.408389751279176538e+00
-9.189009407782936512e-01
-2.211738120567038977e-03
1.368128936222174907e-01
-4.617401987834194310e-01
-1.143191038118861746e-01
1.580605249888904495e+00
2.185839594160471577e+00
-1.165364749560122287e-02
-2.629845659028664073e+00
-2.221320442629031611e+00
5.511102728000870643e-01
1.927634781505954908e+00
6.620334300071122335e-01
-6.948605748362138845e-01
-3.034235208655746696e-01
4.848833054811921284e-01
2.211247019600493247e-01
-1.254717644558130674e-01
3.287781787926115085e-01
3.991396221521215093e-02
-1.928686817201832771e+00
-2.628710341761756997e+00
9.431507272279305854e-01
5.557316017213455694e+00
4.328837681175682128e+00
-3.130949505085886209e+00
-8.101743230948295960e+00
-3.771650572190305084e+00
4.908340321533249728e+00
7.399734295607437673e+00
1.551579034521697320e+00
-4.442854362380704636e+00
-3.975539282731106461e+00
1.234674566953345848e-01
1.791982738891811033e+00
5.652637450109768702e-01
7.163830350777185274e-02
1.004295859699817051e+00
6.629660868272275742e-01
-1.432410004032455664e+00
-2.141166229145863742e+00
1.809212595952268132e-01
2.614867438057977722e+00
1.655547467098297920e+00
-1.726438473850786970e+00
-3.194116996779775342e+00
-6.513357992812967012e-01
3.034782362944826506e+00
3.427634373148816582e+00
-1.862626467804600894e-01
-3.816485805534563180e+00
-3.311546673769809601e+00
7.726626125887607888e-01
3.815642823349557400e+00
2.623087365772561075e+00
-9.944416771441614289e-01
-2.865161436531121542e+00
-1.539629359676390585e+00
6.986600927651401838e-01
1.362842653765948597e+00
5.451866186819169791e-01
-1.528705277471257840e-01
-4.315328999091861545e-02
2.054234299230034144e-01
-1.136338245334291702e-01
-7.805310242638688889e-01
-9.132689168588161710e-01
2.121955467178414378e-02
1.327760527268574853e+00
1.472202901971009892e+00
-5.781971734651970146e-02
-1.619385523209451616e+00
-1.253172157919605123e+00
4.685102135983625904e-01
1.046950540880059677e+00
-1.188267963000584904e-01
-6.063797362060433516e-01
9.675959532460718382e-01
1.935847042854503153e+00
-5.511278654113789255e-01
-3.950146360778289623e+00
-2.705127235572835076e+00
3.186616141345605779e+00
6.307471707205112743e+00
1.439690818868591293e+00
-6.106552067616840773e+00
-6.475547455042467426e+00
1.367150570971760404e+00
7.544878656435485276e+00
4.192996778909416911e+00
-4.077890535710050557e+00
-6.554833797955226693e+00
-6.826445689032011321e-01
5.223805500291392789e+00
3.688330679081305519e+00
-2.379067760939171272e+00
-4.570267999271586667e+00
-4.101543404300287965e-01
4.117506089077474840e+00
3.038861470241973173e+00
-2.129482430226057765e+00
-4.844348063488844502e+00
-1.681476036166904331e+00
3.829328710501939792e+00
5.337080883118120234e+00
7.285684791049400477e-01
-5.264467921768656744e+00
-5.795070182524233893e+00
3.822090623280604005e-01
6.650539968470913443e+00
5.553900319533198626e+00
-2.045822071192566760e+00
-7.269928464027731074e+00
-3.917651728160559177e+00
3.636651680506515660e+00
6.104375094455770423e+00
1.275021546034512898e+00
-3.841508214901664164e+00
-3.151789904901153960e+00
8.392969895750215237e-01
2.066244851640867797e+00
-6.140175378229221353e-02
-1.109373944913099264e+00
5.795901349562702087e-01
1.658177455987601467e+00
-1.151602487530896252e-01
-2.100338642238497311e+00
-1.238562482341778903e+00
1.104592929310499905e+00
1.637384639852565771e+00
2.068824146279949483e-01
-7.397925795728943488e-01
-3.586390952629600615e-01
2.929852441998062607e-02
-1.335021251108451101e-01
-8.165743159091211345e-02
1.738390522796282589e-01
-9.902257205820397257e-02
-3.313273090746669536e-01
5.710918146038106435e-01
1.484762129352799498e+00
2.072402464083609452e-01
-2.309974469181185874e+00
-2.342102789893222070e+00
8.712405149721696995e-01
3.258035042118593960e+00
1.709733538420308729e+00
-1.437509506571976736e+00
-2.253122977473077881e+00
-7.622098302985291784e-01
3.899038750233075890e-01
5.387390116004625584e-01
8.294432523492678566e-01
1.042658029059389646e+00
9.960599461292168888e-02
-1.192142864756212672e+00
-1.079845639293133486e+00
9.193609713472117306e-02
5.646244436687392065e-01
1.631509662303589625e-01
2.082636441702893915e-02
2.183147030279374845e-01
1.811929095147606639e-01
2.490958481698713201e-01
4.657761981020160924e-01
-4.171731547394658124e-01
-2.131824954286633211e+00
-1.643825841011242961e+00
1.905412156431085524e+00
4.013845127814737346e+00
1.045528587136136611e+00
-3.298763115154072167e+00
-3.142395494695490843e+00
5.424166012932261083e-01
2.170700592092220216e+00
6.166240938918973180e-01
-5.401419405707184040e-01
-1.223272226877926833e-01
2.246623240104232352e-02
2.302155611386886083e-02
9.787457851700936962e-01
7.806790450567663298e-01
-2.198863641976321226e+00
-3.693070233779605083e+00
4.280547998771053742e-01
5.382638248236155221e+00
3.588239014966789320e+00
-2.744409569655994474e+00
-4.732086444411723214e+00
-8.375952390917933421e-01
2.169004663485455620e+00
1.175763045004685203e+00
-2.222779440165195963e-01
-6.557406492234935103e-02
-1.185228949153836198e-01
-1.639846132073121687e-01
1.267046585243496892e+00
1.686488552789867867e+00
-1.599940909694524072e+00
-4.543975389303108514e+00
-1.651608267220888715e+00
3.991525225714057878e+00
4.673294792905497097e+00
1.097483674719471614e-01
-2.916647702118252639e+00
-1.602848415967371487e+00
1.080086280094036955e-01
-5.625881705125770349e-01
-1.248728882068069757e+00
6.292585647264915538e-01
3.250524158895638394e+00
2.643007971356032382e+00
-1.521871978787251223e+00
-4.321424828034217569e+00
-1.829420384507317587e+00
2.540471553504745295e+00
2.732842656805295256e+00
-2.297638485010931597e-01
-7.771521921464848992e-01
3.272076342465252141e-01
-1.726694995919977105e+00
-3.838495780941081126e+00
8.712133422079711975e-01
7.536658995471902323e+00
4.576863945286849145e+00
-5.425418568154452892e+00
-7.981357273400554675e+00
-7.190652498689512617e-01
3.978599305824489285e+00
1.465713583305361167e+00
2.116404140374913423e-01
3.101825662126389993e+00
2.663032785927221813e+00
-2.821830155938812368e+00
-5.517329182361782713e+00
-2.169979434137591312e+00
1.803323860157731273e+00
2.546814609918765182e+00
1.429589361067219455e+00
2.042002990917471394e-01
-1.011307343811364418e-01
1.004886824477176477e+00
1.058148583396114395e+00
-2.171524314429770008e+00
-4.661519045204991052e+00
-1.469667411725496642e+00
3.680727232457229547e+00
3.740935087168169471e+00
3.282116943613917065e-02
-1.279322584781135363e+00
-8.480509801583975549e-02
-2.519114411241164531e-01
-1.375327922998437646e+00
-7.540245040336338578e-01
7.769332034445046720e-01
9.343945086783725928e-01
5.498630202972290548e-02
-3.755333496767710999e-01
-1.522450254652791546e-01
7.499238075861849873e-02
-1.075431021230254386e-01
-1.249474751329164579e-01
9.125196903652796898e-01
1.717068247222441668e+00
-7.792523839050645440e-02
-2.790166580842929012e+00
-2.164982929343152396e+00
7.711747989627577571e-01
1.185631713826639899e+00
-1.484002588749412377e-01
1.125844992062395855e+00
3.018962209487821902e+00
7.058582467030717345e-01
-3.094641847446327976e+00
-2.731480672909907259e+00
1.313333564671386178e-01
9.223578341311416962e-01
2.232022677734556704e-01
-5.552240466931913920e-02
-4.245355248199365605e-01
1.076742035858234692e-01
2.514761335608512116e+00
2.880834057755167876e+00
-1.100854802948310285e+00
-3.774580111766237867e+00
-1.441306787237735865e+00
4.226836525955193213e-01
-1.263851348678064701e+00
-8.282000099332486043e-01
3.382669191076775661e+00
4.262837495477169725e+00
-2.272186157491277170e-01
-3.086876726428041451e+00
-1.384137877844990649e+00
2.819386086728483121e-01
-7.748682190101797984e-02
-1.173818609403776553e-01
1.991784630764544539e-01
-4.298813524493097504e-01
-5.490927017848549196e-01
7.727753928574020437e-01
1.333664927992255445e+00
2.866797144770906747e-01
-1.232217095249028976e-01
6.943508801894879845e-01
4.183048311142778530e-01
-1.535044898312704964e+00
-2.495369754095665638e+00
-8.390960336325494762e-01
1.310451086438239265e+00
1.349079877573586606e+00
1.707853962954450633e-01
3.232268198999635467e-01
1.402414559451933052e+00
9.019155188400650447e-01
-1.031002578829438354e+00
-1.836023677607142135e+00
-9.066940371929145259e-01
1.051821855510148285e-01
2.306026019423322859e-01
-2.743331339237441435e-01
-5.168629257249406361e-01
6.404310285466080499e-01
2.324809632137437188e+00
1.676816706552676228e+00
-1.007593621692825403e+00
-1.787366701164489591e+00
-3.135041781133594552e-01
-3.315484406437486653e-01
-1.484197413510761621e+00
-7.084135199026836416e-02
2.220001535448375751e+00
1.101702348380817487e+00
-1.248046571703372187e+00
-7.483276606525398611e-01
3.261564314186767288e-01
-3.869939560896625830e-01
5.283290973074049601e-01
3.261112906178258442e+00
1.681778427147208932e+00
-3.800127098130841485e+00
-4.584754591655824996e+00
-2.784077037789942435e-03
1.313212898585945476e+00
-1.030525312275936134e+00
1.237150976705155836e+00
6.480464864823144211e+00
4.215904133204997351e+00
-4.216008016749562159e+00
-6.480340140135764315e+00
-1.235559766659070080e+00
1.031230571331577694e+00
-1.312464499167215859e+00
9.805905537295895452e-03
4.590041639737964196e+00
3.787286077930951400e+00
-1.701038611798775690e+00
-3.260712837849053525e+00
-5.165817376970653907e-01
3.890272445097026077e-01
-3.226455634612805379e-01
7.576001392763649367e-01
1.234399029852732754e+00
-1.128296945241856752e+00
-2.206564238994126015e+00
1.132846843211708643e-01
1.494335420563367878e+00
3.220176960162675628e-01
3.299782197240481163e-01
1.784822168310794543e+00
9.345149543473987297e-01
-1.748114737282001396e+00
-2.308036889594248464e+00
-5.748488376546457834e-01
5.520836668947796122e-01
2.757984764445821080e-01
-2.212125826059626599e-01
-6.017855280349556496e-02
9.654527750352558391e-01
1.823972354656822503e+00
9.094588374789851493e-01
-1.020396924865453636e+00
-1.405093478327393175e+00
-2.851829095688061533e-01
-2.019881305928044879e-01
-1.358654219171099076e+00
-1.152326986802820308e+00
1.067251526710200737e+00
2.537906487048810611e+00
1.352198642189611499e+00
-5.876102550813712133e-01
-7.110024767379997668e-01
1.062841454581104211e-01
-3.983533478504711067e-01
-1.349651318686901691e+00
-6.051796897191471514e-01
6.686557883760839704e-01
4.002870674341750812e-01
-1.926388027183094931e-01
1.729983436093579241e-01
7.628108594359342409e-02
-1.532497209497321322e-01
1.621732138081097396e+00
2.802708092634276227e+00
-6.452518072507407165e-01
-4.616964641649231815e+00
-2.713470349795426007e+00
1.474185019557637810e+00
1.273878923045851375e+00
-2.543584701936401071e-01
1.929266545173067726e+00
3.499144453505206975e+00
1.331632793167297421e-02
-3.423664504991368762e+00
-2.109397272837939763e+00
3.328678592485152521e-01
5.069661475354123592e-01
5.976785519117859546e-02
-2.437353010232676809e-01
-7.354647486009697754e-01
5.595910040698037768e-01
3.096260403638252612e+00
2.160373920198565667e+00
-1.969485300404732575e+00
-3.076141388983584246e+00
-5.033928288686003727e-01
2.401593413211359496e-01
-1.054897568451156120e+00
1.711683020203994265e-01
2.804224139169520846e+00
2.054322873358095158e+00
-1.036829489986676123e+00
-1.915956422226799738e+00
-4.930248117299208532e-01
3.491992644647483601e-01
1.056668084422079795e-01
-1.598838333408444945e-02
2.365589597931074817e-01
2.565405714623087419e-01
-3.658194589989874346e-01
-9.268522436845714196e-01
-1.152022872103214829e-01
1.326978799247287677e+00
1.067624027176768076e+00
-2.414955395568343932e-01
1.117430348594520700e-01
7.081289050363016591e-01
-1.675920656145536647e+00
-3.985648756444773344e+00
-9.571518095645423774e-01
4.194153527179804719e+00
4.106973099164692442e+00
-2.412748852933608579e-01
-2.189572430049723017e+00
-8.065006711421858210e-01
-9.412057866503439896e-03
-8.264648147877348139e-01
-1.706001208522144985e+00
-1.506531085134249492e+00
9.910427084577145829e-01
4.568729438340988658e+00
4.003704466126678518e+00
-1.627607901731636497e+00
-4.742473821749608298e+00
-1.668112637257181508e+00
4.626905323800605818e-01
-1.832084799421470178e+00
-7.823813641584314027e-01
5.771082758286169678e+00
6.593664393382730360e+00
-2.583989913715845077e+00
-8.685768722703842926e+00
-2.960549905005575688e+00
4.608341465411112559e+00
3.703369756770308996e+00
-5.724564842041309776e-01
-7.067271061364807094e-01
2.568117625692698525e-01
-1.657046400189218449e+00
-2.357534462008911813e+00
1.275440776126331999e+00
4.155943068047795563e+00
1.567400201478915456e+00
-3.006381071109423875e+00
-3.674864505932498915e+00
-4.101583760236495735e-01
2.159384404729162377e+00
1.509864824804613814e+00
1.810894340188312157e-03
5.912177839944313673e-01
1.599499402164092254e+00
-6.448417646135866654e-01
-4.241167382212401193e+00
-3.076196101229174751e+00
2.663058193312044963e+00
5.156311207738940361e+00
1.169783857836458774e+00
-2.912204164913550830e+00
-2.033106393567710501e+00
4.398054004475007162e-01
5.701462519712503507e-01
-8.152688840330789277e-02
2.629845441474670809e-02
-5.390504910300670804e-01
-9.343481330072074265e-01
1.412182627575960137e+00
3.659750496588971114e+00
5.517115232778728728e-01
-4.893380185303302987e+00
-4.271459766345465425e+00
2.095329295496972666e+00
5.024615821559989648e+00
1.303005802036657279e+00
-2.385979608222331461e+00
-1.599547499518116256e+00
3.063290077448683202e-01
3.186702272921121959e-01
6.159292521499873038e-03
1.660974075370066083e-01
-5.496445449892637392e-01
-9.914514694848303167e-01
1.032406981977934235e+00
2.971240175629703995e+00
6.617416445219085341e-01
-3.528026440668310837e+00
-3.347093583821667995e+00
1.140714757633926935e+00
3.580877669083812886e+00
1.394606143582665103e+00
-1.330797995546691093e+00
-1.352309874407611634e+00
-2.197985986788848212e-01
7.855111389801572308e-02
2.033949656269927811e-02
1.706703597973238951e-01
6.717339721736956260e-02
-2.314055985182040739e-02
5.188774209132962500e-01
7.913861501153548472e-01
-2.432991211916493424e-01
-1.369075418457397442e+00
-9.041282273529764879e-01
3.726135850169399188e-01
8.061745772445667590e-01
7.291798246601514100e-01
9.279528902124695167e-01
2.974063977614340160e-01
-1.724735471863928282e+00
-2.537303707536351816e+00
-2.373949467349817724e-02
3.017486413430146452e+00
2.344991800811168758e+00
-1.121352247317960016e+00
-2.616470985875416488e+00
-7.388443364153444159e-01
1.173839917036302749e+00
8.427759442313853544e-01
-1.663183979881386609e-01
-1.446973209330409404e-01
1.892561882544055996e-01
-1.379201623063194132e-02
-1.309328213064331059e-01
5.277643038132317360e-02
-2.909143903399140640e-01
-8.106029188377855688e-01
-2.696150916818493542e-03
1.573250704773570430e+00
1.275527629270057473e+00
-1.092717923491957510e+00
-2.127212476384991113e+00
-1.654307851008527397e-01
1.659939848423126252e+00
5.398567834462523196e-01
-1.126873135625734657e+00
6.233729232158055633e-02
2.069028555297546923e+00
4.242858344082320876e-01
-3.479697636858763765e+00
-3.215472208775602247e+00
2.473143427792660720e+00
6.155286367060734065e+00
1.858246681243922449e+00
-5.592749165091908559e+00
-6.437355718654717229e+00
7.526072508534538130e-01
7.035871565365391156e+00
4.817663920443819414e+00
-2.810316098114287175e+00
-6.664075710876971037e+00
-2.764839020059904673e+00
3.778307902210685132e+00
5.486957998726408547e+00
9.242278599138765705e-01
-4.256751963269412187e+00
-4.005707800418177200e+00
1.116142025502395052e+00
4.514698968531732248e+00
1.709131266711239494e+00
-3.534323099521893496e+00
-3.759366847931215450e+00
1.791980198295074711e+00
5.304878940500467266e+00
1.092626133424521084e+00
-5.525853285992361918e+00
-4.897600181442453682e+00
2.979058534842738304e+00
7.477083250263540926e+00
1.995467081721015390e+00
-6.348765054154595688e+00
-6.369190658820763851e+00
1.702299938460053896e+00
6.939488629628296046e+00
3.081713762442391147e+00
-3.706461077692656314e+00
-4.621242532408248671e+00
-4.862752391846477534e-02
2.926882331446410745e+00
1.354900601135782479e+00
-9.144157820548669546e-01
-5.498345912034505734e-01
6.880152624925526261e-01
9.026377545653117840e-02
-1.340621875302455690e+00
-9.984181679580491631e-01
9.024393228282641122e-01
1.780139598413642110e+00
5.874646355595469771e-01
-1.030879922584786001e+00
-1.295654644169479841e+00
-3.323118483004316448e-01
5.528755259081601370e-01
5.764495228208985633e-01
1.147268991457958687e-01
2.567824757094473026e-02
4.324692647711993465e-01
3.535496186419980758e-01
-8.501297622112594654e-01
-1.864994333295580287e+00
-6.722965354868246646e-01
2.151255789406224750e+00
3.128030673969230957e+00
2.894245877954473301e-01
-3.449378862030300752e+00
-3.433506274165273542e+00
6.484283473781424778e-01
4.020564982479271521e+00
2.690941422462659993e+00
-1.626597707664408032e+00
-3.717738281284064250e+00
-1.273081594636626512e+00
2.415352826601878444e+00
2.705063051222079906e+00
-4.794095796077886273e-01
-2.686528049336996737e+00
-1.084666749424845866e+00
1.718034068159510097e+00
1.792100798618404767e+00
-2.744482101569584165e-01
-9.894041856000561630e-01
-1.034236037151494148e-01
-4.864096268052094385e-01
-1.852985244415654487e+00
-3.012013993792018174e-01
3.942166878461835111e+00
4.359201403503178085e+00
-1.963123072535697622e+00
-7.521430315931431743e+00
-3.937262970330333456e+00
5.055366274965635398e+00
7.854414186418318344e+00
1.213517037590361225e+00
-5.693246461025599281e+00
-4.761709554070401751e+00
8.045871588057577073e-01
3.235142389062728441e+00
1.278086772223113066e+00
-5.963792824862260700e-01
-3.490203420885150121e-01
3.026471240060044088e-02
-4.137139275336791933e-01
-2.549585053880249474e-01
5.554772950232631512e-01
1.265934575575724530e-01
-1.340630837053384594e+00
-1.031392017178557996e+00
1.510258933974062634e+00
2.701425594722364654e+00
3.968727258178484374e-01
-2.393630227833816182e+00
-2.068175701001578215e+00
2.467290725180096289e-01
1.162640446958927765e+00
3.690919113668706952e-01
4.092253101672106014e-02
6.911362216475330777e-01
8.812898116355430966e-01
-5.778277524099561385e-02
-1.392315782992111783e+00
-2.012820324014684470e+00
-9.151364363337856078e-01
1.599671035102234740e+00
2.928065225600269716e+00
1.091793826939288836e+00
-1.648813997718073132e+00
-1.762793710312247519e+00
-1.214037034392958514e-01
1.349711997346415490e-02
-7.224661032047762221e-01
5.180304797269442707e-01
2.258838071326661812e+00
8.235096072686831636e-01
-2.148291984175483726e+00
-1.781403140754443282e+00
1.298074458366228701e+00
1.942492635209828178e+00
-4.560181893609069337e-01
-1.545919029171440862e+00
-2.784916620366406637e-01
3.984645345048293957e-02
-9.056821555976442006e-01
3.774634624133379468e-01
3.488744419900965621e+00
2.941087074646871358e+00
-2.533577552341035322e+00
-6.004940751497456652e+00
-2.283024622520491320e+00
3.536925824679638009e+00
3.818631119739751334e+00
2.645040318940895530e-01
-3.291373888234896961e-01
1.303254905431171284e+00
-7.217629281180797385e-01
-4.581627588193279088e+00
-2.895638112145392906e+00
3.038055742419433880e+00
4.476819415310465011e+00
3.687487703793568272e-01
-2.037751017993374436e+00
-6.725285604432900133e-01
2.128489486429503419e-01
-4.350735356281898447e-02
5.354690129439074742e-01
9.896893091780883944e-02
-2.177975306245905962e+00
-1.773593097236819682e+00
2.217450292000913148e+00
3.474944938302410691e+00
1.054600287080326576e-01
-1.873947525762434285e+00
-4.970020317286605871e-01
-2.242980158014066250e-01
-1.326118165981794883e+00
-1.860589663891462353e-01
1.572545945468085682e+00
4.844679646796619665e-01
-9.242073691290959569e-01
2.263771077791278952e-01
1.109921428103558982e+00
3.941992337500088706e-02
-1.077487187715817224e-01
6.147886460649178986e-01
-1.004360250489342299e+00
-3.089390937601133036e+00
-1.125973179631584165e+00
2.786432148835928935e+00
3.093918842540778424e+00
2.318657122250454006e-01
-1.197568167996582611e+00
-2.945822307089590586e-01
5.291639432302478602e-02
-1.343214522644145870e+00
-2.119223697560486119e+00
-1.395604596142926701e-01
2.460425081207504139e+00
1.996473860544363044e+00
-4.381129912463188059e-01
-9.382505302353584264e-01
-4.773819926550888076e-02
-3.908003308954061672e-01
-3.295502726639513158e-01
1.259144860890615947e+00
5.911268048765160321e-01
-2.431970751512885887e+00
-2.015558740157509909e+00
1.406037442230790635e+00
1.519976062376459325e+00
-2.596966849081903950e-02
2.113417484515074829e+00
3.120718417717799564e+00
-2.274134243315927950e+00
-6.113670973293398703e+00
-1.650404543615232811e+00
3.262691039167462836e+00
1.956396480668973314e+00
-1.046193890486135369e-01
6.926945557584998081e-01
5.625391225961442476e-01
-5.964661424762143227e-01
-3.904199222473541016e-03
1.918771279841012811e-01
-1.304862660493718796e+00
-1.138034102650118173e+00
2.729173970986142339e-01
-3.832252673259530229e-01
-6.535293019749003340e-01
1.990007251377561737e+00
2.957564309508602385e+00
-5.293030046492307877e-02
-2.027242960627726909e+00
-9.337526561148368209e-01
-7.729466600241516154e-03
-4.601959703132596502e-03
-3.001455339628943952e-01
-1.551452911187485517e+00
-1.292535120960294659e+00
2.396255012835079246e+00
4.032056117948273233e+00
3.703842743764185763e-01
-1.929506597972638016e+00
-5.413312310343237205e-02
-7.627130107300172934e-01
-4.125543068556067006e+00
-1.937176211908929080e+00
4.100016983738760779e+00
4.306904452044393317e+00
-4.054313991289738572e-01
-1.750722350695662177e+00
-6.581239812377571996e-02
-7.703065481556458094e-01
-2.373574620040840077e+00
-3.480077618789901295e-01
3.211863124306621131e+00
2.700718279481617579e+00
-1.106491240717787372e+00
-2.008061656702527120e+00
-5.286358684754222104e-02
-1.765786227963725530e+00
-4.743161732191567559e+00
8.208753299891944355e-01
9.632533311657864417e+00
6.035838260767290464e+00
-4.879378061910569997e+00
-5.105973251802465640e+00
-1.834689121469352049e-02
-4.960395914378289639e+00
-8.227862170025822763e+00
5.154750510075278847e+00
1.600000000000000000e+01
